%Christian Lascsak
%01363742
function [decLowP, decHighP] = getHaar ()
   decLowP = [0.7071067812  0.7071067812];
   decHighP = [-0.7071067812 0.7071067812];
end
